0 89 27 52 82 30 29 95 5 5 38 65 65 83 37 68 5 97 88 54 7 2 23 10 61 8
71 0 70 20 23 68 20 44 26 30 11 78 22 62 26 66 71 54 45 37 43 32 80 26 78 8
12 24 0 62 64 55 99 28 72 37 72 80 95 50 67 74 67 25 54 19 74 66 69 60 83 37
65 66 21 0 19 12 78 85 73 39 5 74 38 37 23 31 93 55 72 37 59 52 60 19 22 59
29 89 83 72 0 28 89 60 4 40 91 3 95 11 69 46 40 40 14 48 7 42 36 16 37 61
4 70 33 9 30 0 81 80 30 52 77 9 35 3 39 13 60 61 83 83 65 95 91 66 21 55
83 36 40 8 92 59 0 34 98 44 8 67 27 77 3 59 4 46 84 69 69 48 58 13 33 39
54 18 10 67 99 58 42 0 66 13 64 17 62 61 89 54 85 71 47 74 41 2 18 41 61 45
92 18 11 16 92 67 44 70 0 42 33 49 27 62 37 92 63 26 7 98 13 81 83 13 81 91
71 73 5 62 18 23 72 67 91 0 4 65 35 7 21 0 6 44 11 54 54 69 96 40 69 42
12 45 86 72 24 3 2 61 92 19 0 87 33 81 29 30 88 76 84 61 36 11 57 27 40 36
17 98 71 78 33 17 93 75 42 8 94 0 51 44 29 26 57 43 73 36 25 89 4 13 54 12
5 50 30 37 31 89 85 14 48 47 13 81 0 99 43 91 58 84 41 92 0 42 1 56 68 97
38 34 27 11 17 4 23 26 55 47 8 58 45 0 37 10 5 34 25 22 68 45 7 92 8 14
70 77 62 87 78 0 95 87 94 69 41 0 86 83 0 89 40 0 0 58 61 36 77 84 31 91
16 8 61 7 86 8 32 67 16 43 30 38 30 68 51 0 22 36 47 67 57 41 58 80 3 50
84 76 53 86 62 5 19 97 25 57 65 13 16 43 79 90 0 66 24 4 74 16 97 39 0 95
44 67 59 21 6 32 75 18 39 65 26 96 20 71 88 7 82 0 16 86 80 18 18 29 35 16
39 27 14 7 16 99 73 44 25 90 62 59 40 61 37 47 84 75 0 27 44 6 6 68 70 48
55 77 14 79 38 5 13 83 90 49 86 65 17 45 91 54 56 75 62 0 66 68 59 97 64 7
70 71 73 86 97 40 98 70 14 20 20 6 51 73 31 42 24 32 84 31 0 23 95 8 10 4
52 85 57 73 3 14 80 57 72 40 4 66 21 50 52 35 47 31 81 47 53 0 98 7 88 78
77 95 91 63 72 41 1 80 8 17 80 93 83 69 86 82 73 11 36 2 58 75 0 9 0 31
86 52 93 44 55 34 39 21 91 78 52 92 48 46 20 52 47 11 68 98 76 81 2 0 37 41
92 31 87 94 42 13 53 9 21 89 5 7 11 52 44 31 47 45 71 33 46 54 60 63 0 71
0 46 59 16 99 8 54 73 82 84 19 51 25 7 22 65 95 6 80 88 57 36 19 95 3 0
