0 47 74 25 56 79 18 62 26 43 89 49 16 71 17 73 91 3 18 40 98 99 32 71 51 3
41 0 45 0 84 43 15 8 11 30 79 71 63 5 30 66 67 63 60 19 6 97 94 73 45 36
24 89 0 58 12 38 73 30 26 28 74 44 91 87 11 40 79 63 97 27 53 64 48 29 68 21
98 91 86 0 78 59 22 88 83 59 13 14 79 31 61 71 28 42 78 26 17 76 37 14 12 45
25 64 46 20 0 63 84 23 56 13 76 9 34 51 62 59 43 78 4 22 17 98 29 4 28 27
73 68 67 75 85 0 20 91 16 43 85 85 7 75 18 13 30 74 44 11 31 93 8 66 24 62
80 19 28 8 56 98 0 42 32 5 0 26 69 39 98 78 60 84 54 2 43 75 1 1 0 26
47 74 95 95 25 40 71 0 23 43 17 48 76 34 76 72 68 15 48 29 28 76 31 88 87 50
26 58 5 78 97 98 5 95 0 81 32 71 86 61 7 2 22 58 65 65 39 49 83 54 48 12
62 5 33 31 69 93 39 21 5 0 97 18 24 21 83 13 61 31 63 63 21 8 51 9 67 86
10 29 69 87 83 15 22 78 72 34 0 71 85 99 31 66 57 61 26 78 37 80 65 72 10 17
89 25 26 18 46 13 16 95 88 91 53 0 9 75 18 88 22 63 45 23 32 48 18 72 69 60
4 29 11 72 30 75 1 3 27 39 8 43 0 73 65 31 99 26 98 11 2 56 89 97 2 51
35 27 14 9 64 73 27 60 49 28 38 45 78 0 50 21 73 56 97 18 88 69 16 90 66 16
47 69 4 16 21 57 46 93 90 38 51 0 92 94 0 50 45 87 29 81 81 65 3 84 13 74
88 22 66 23 43 70 51 72 90 65 38 88 39 5 96 0 69 7 48 11 91 33 28 63 95 62
14 0 24 77 54 43 16 1 21 61 61 67 51 32 52 68 0 90 98 93 82 95 52 15 7 94
61 72 96 87 59 71 88 31 83 70 84 25 70 52 34 24 20 0 78 98 58 67 43 82 92 53
59 64 84 72 95 69 23 51 63 42 70 76 58 28 91 15 0 70 0 65 85 84 75 94 74 47
42 99 22 29 63 9 19 36 43 64 84 41 50 82 17 42 42 72 64 0 78 30 54 91 48 37
10 15 48 24 35 69 88 58 95 18 98 46 58 6 57 15 88 80 37 48 0 50 68 3 39 17
89 28 38 40 12 42 26 68 47 87 79 9 41 88 1 39 68 23 75 57 65 0 99 48 5 70
50 67 33 19 22 71 72 37 94 26 31 44 65 41 68 97 57 41 73 33 70 19 0 11 93 31
80 57 65 47 15 64 71 66 75 63 50 50 7 25 93 53 21 4 35 25 52 58 60 0 6 39
38 95 94 46 20 10 4 69 6 5 94 29 34 65 29 74 53 42 36 95 49 51 67 96 0 51
61 85 29 98 0 13 94 45 12 26 31 93 73 3 62 31 16 15 77 40 40 77 81 79 37 0
